  -5.000  -0.1357   0.01039   0.00486  -0.1274	 0.6416	  0.3361
  -4.000  -0.0273   0.1032    0.00444  -0.1278	 0.5805	  0.3369
  -3.000   0.0849   0.01011   0.00397  -0.1289	 0.5333	  0.3393
  -2.000   0.1992   0.01002   0.00371  -0.1303   0.4958   0.3422
  -1.000   0.3133   0.01009   0.00366  -0.1315   0.4682   0.3449
   0.000   0.4274   0.01018   0.00368  -0.1325   0.4480   0.3478
   1.000   0.5408   0.01034   0.00379  -0.1334   0.4326   0.3507
   2.000   0.6523   0.01061   0.00399  -0.1338   0.4196   0.3530
   3.000   0.7681   0.01067   0.00417  -0.1352   0.4118   0.3589
   4.000   0.8789   0.01111   0.00464  -0.1354   0.4028   0.3635
   5.000   0.9909   0.01142   0.00509  -0.1358   0.3973   0.3675
   6.000   1.1020   0.01182   0.00562  -0.1362   0.3907   0.3745
   7.000   1.2035   0.01228   0.00615  -0.1347   0.3713   0.3810
   8.000   1.3077   0.01272   0.00675  -0.1337   0.3576   0.3878
   9.000   1.4052   0.01340   0.00756  -0.1317   0.3369   0.3962
  10.000   1.4902   0.01465   0.00874  -0.1277   0.2791   0.4044
  11.000   1.4997   0.01974   0.01309  -0.1136   0.1471   0.4123
